# $Header$
#
# *********************************
# External Forcing Climatology Data
# *********************************
 &EXF_CLIM_NML
#
 climsststartdate1  = 19310101,
 climsststartdate2  = 000000,
 climsstperiod      = 21600.0,
 climsst_lon0        = 0.00D0,
 climsst_lon_inc     = 1.875D0,
 climsst_lat0        = -88.5420D0,
 climsst_lat_inc    = 1.8888, 1.9000, 1.9024, 1.9034, 1.9039, 1.9042,
    1.9042, 1.9044, 1.9045, 1.9045, 1.9046, 1.9046, 1.9046, 1.9046,
    1.9047, 1.9046, 1.9047, 1.9047, 1.9047, 1.9047, 1.9047, 1.9047,
    1.9047, 1.9047, 1.9047, 1.9047, 1.9048, 1.9047, 1.9047, 1.9047,
    1.9047, 1.9048, 1.9047, 1.9047, 1.9048, 1.9047, 1.9047, 1.9048,
    1.9047, 1.9047, 1.9048, 1.9047, 1.9047, 1.9048, 1.9047, 1.9047,
    1.9048, 1.9047, 1.9047, 1.9048, 1.9047, 1.9047, 1.9048, 1.9047,
    1.9047, 1.9048, 1.9047, 1.9047, 1.9048, 1.9047, 1.9047, 1.9048,
    1.9047, 1.9047, 1.9047, 1.9047, 1.9048, 1.9047, 1.9047, 1.9047,
    1.9047, 1.9047, 1.9047, 1.9047, 1.9047, 1.9047, 1.9047, 1.9046,
    1.9047, 1.9046, 1.9046, 1.9046, 1.9046, 1.9045, 1.9045, 1.9044,
    1.9042, 1.9042, 1.9039, 1.9034, 1.9024, 1.9000, 1.8888, 1.8888
 climsst_nlon        = 192, 
 climsst_nlat        = 94,
#
 climsssstartdate1  = 19301215,
 climsssstartdate2  = 184500,
 climsssperiod      = 2629800.0,
 climsss_lon0       = 0.5D0,
 climsss_lon_inc    = 1.0D0,
 climsss_lat0       = -78.5D0,
 climsss_lat_inc    = 52*1.0,
    0.9999, 0.9978, 0.9896, 0.9755, 0.9558, 0.9308, 0.9010, 0.8668,
    0.8288, 0.7877, 0.7443, 0.6992, 0.6533, 0.6073, 0.5621, 0.5183,
    0.4769, 0.4385, 0.4037, 0.3732, 0.3474, 0.3270, 0.3121, 0.3030,
    70*0.3,
    0.3030, 0.3121, 0.3270, 0.3474, 0.3732, 0.4037, 0.4385, 0.4769,
    0.5183, 0.5621, 0.6073, 0.6533, 0.6992, 0.7443, 0.7877, 0.8288,
    0.8668, 0.9010, 0.9308, 0.9558, 0.9755, 0.9896, 0.9978, 0.9999,
    54*1.0,
 climsss_nlon        = 360,
 climsss_nlat        = 224,
#
 climsstfile        = 'NCEP_1949_sst',
 climsssfile        = 'salt_14months.bin',
#
 exf_clim_iprec     = 32,
 exf_clim_yftype    = 'RL',
 &
